5.774917998372253169e-01 1.281910769746167800e+00 2.293559285675979886e+00 2.300709676266066150e+00
7.781512503836436334e-01 1.243709145945431027e+00 8.620689655172414367e-01 1.723494395881375096e+00
9.768083373380662682e-01 8.058547937107704007e-01 7.965633910974357912e-01 9.049454972004460362e-01
1.179551791165187824e+00 7.348072829573668585e-01 5.905401093173012761e-01 6.842619522772281915e-01
1.375846436309156040e+00 5.706966808227895704e-01 3.263804446283309346e-01 3.261727258141285946e-01
1.577491799837225317e+00 4.508316371882574725e-01 1.379152268865524444e-01 2.451945721957973223e-01
1.779018971914870573e+00 3.173476602478494391e-01 2.141313910480320271e-01 1.167684700036847323e-01
1.974879973006930411e+00 2.658771188521288353e-01 6.301445324432777828e-02 1.530084700716691226e-01
2.176785574922035948e+00 2.151077691286820970e-01 8.809074513983339294e-02 8.485502003558018091e-02
2.372764759543741775e+00 1.553282937023200971e-01 6.353249203107699805e-02 6.939351456598980006e-02
2.574517405361164801e+00 1.078504687461847161e-01 5.375866258963271638e-02 3.535014198021704801e-02
2.776236138320199220e+00 6.566938224980271854e-02 2.639306071089816963e-02 2.672667071150652829e-02
3.173914339801406470e+00 4.075531472594098870e-02 2.937721324797292616e-02 2.577296609521166626e-02
