5.774917998372253169e-01 2.091096638190897306e+00 2.293559285675979886e+00 4.595985055683666332e+00
7.781512503836436334e-01 1.490968659440799815e+00 3.442939883091113984e+00 1.724808280152303031e+00
9.768083373380662682e-01 7.725274682981072560e-01 9.044312035352407575e-01 9.053188884916225643e-01
1.179551791165187824e+00 8.707661281490018945e-01 5.861068671514479966e-01 8.804899691049880017e-01
1.375846436309156040e+00 6.761919572084190699e-01 3.269561869937823717e-01 4.358889003504267112e-01
1.577491799837225317e+00 5.475292765911884407e-01 2.172570271241752726e-01 2.825326573845929889e-01
1.779018971914870573e+00 3.967420668479301749e-01 1.580758571824001091e-01 1.540917458294455700e-01
1.974879973006930411e+00 3.166767621348202666e-01 1.271532342653950431e-01 1.274773467969892993e-01
2.176785574922035948e+00 2.448381980635378208e-01 7.482660674424432279e-02 1.091682738192872315e-01
2.372764759543741775e+00 1.820025745934673034e-01 5.975252207054972120e-02 8.161577940789105368e-02
2.574517405361164801e+00 1.214851207030461372e-01 3.364916052003018299e-02 4.861772689675125658e-02
2.776236138320199220e+00 6.403915909934704276e-02 2.726680954923804689e-02 2.676987919982880271e-02
3.173914339801406470e+00 3.952275240814304147e-02 2.128431804542668324e-02 2.371518851603233308e-02
