5.774917998372253169e-01 1.601427297410564776e+00 3.448275862068965303e+00 4.595913551777765171e+00
7.781512503836436334e-01 8.845261575191325498e-01 2.583525500080441795e+00 2.173003700327127419e+00
9.768083373380662682e-01 8.432982949573322173e-01 6.793326159054122737e-01 7.969297372699095661e-01
1.179551791165187824e+00 7.838485946207344179e-01 4.930148671073285582e-01 4.885116423952744480e-01
1.375846436309156040e+00 5.505185206508976803e-01 4.350320602418428217e-01 2.002872220614312360e-01
1.577491799837225317e+00 4.208392901895073313e-01 3.107869128430109651e-01 2.457452163910223142e-01
1.779018971914870573e+00 3.495096194538303558e-01 1.704005875281134896e-01 1.512075845820491926e-01
1.974879973006930411e+00 2.567193162267766282e-01 1.198958183374619901e-01 8.020010145229378162e-02
2.176785574922035948e+00 2.120602338230234973e-01 6.582701844133448388e-02 1.037793428317627109e-01
2.372764759543741775e+00 1.502039365821102590e-01 6.301387178678566348e-02 4.718459121487941776e-02
2.574517405361164801e+00 1.043828558684256474e-01 5.154566864694001826e-02 5.595007686897521260e-02
2.776236138320199220e+00 6.343020958119945096e-02 2.538863818513905496e-02 2.840011508005790136e-02
3.173914339801406470e+00 4.257515189542057654e-02 2.915031761731552012e-02 2.924982498158209404e-02
