5.774917998372253169e-01 1.920745203114127664e+00 2.295418387229402057e+00 4.594125954130243272e+00
7.781512503836436334e-01 1.659002838307820360e+00 2.580173754491339011e+00 1.726148978387944677e+00
9.768083373380662682e-01 1.078070352424887579e+00 1.023042821992746987e+00 9.063615660594361856e-01
1.179551791165187824e+00 8.363073309435871128e-01 6.838511851582235179e-01 5.397540798112900884e-01
1.375846436309156040e+00 7.239206648135145805e-01 4.169108515159030137e-01 2.718170019825010275e-01
1.577491799837225317e+00 5.566271190233390564e-01 2.752694625055843725e-01 2.609608111384882356e-01
1.779018971914870573e+00 4.049078024440707080e-01 1.763007473196185892e-01 1.165539650409803674e-01
1.974879973006930411e+00 3.180803077661449318e-01 1.198259704732562714e-01 1.113756851900665201e-01
2.176785574922035948e+00 2.433331593731043463e-01 9.150754037198063906e-02 6.292218924194059593e-02
2.372764759543741775e+00 1.850742587035821840e-01 5.942298518083138914e-02 8.132615699604450743e-02
2.574517405361164801e+00 1.212131306135232345e-01 5.469960958794625738e-02 4.233853069786155943e-02
2.776236138320199220e+00 6.485068973693866590e-02 2.289257130302338461e-02 4.769086458908620985e-02
3.173914339801406470e+00 3.391897099081805228e-02 2.504993646302924176e-02 2.949977939204356803e-02
