5.774917998372253169e-01 1.665449776119946712e+00 2.295275379417601069e+00 4.594125954130243272e+00
7.781512503836436334e-01 1.506634966601716918e+00 8.647503619885237303e-01 3.031747734219978341e+00
9.768083373380662682e-01 1.137040605259194370e+00 9.042973462799129836e-01 6.793467061428153375e-01
1.179551791165187824e+00 8.434999815253404476e-01 6.353989214320405754e-01 6.352528709008391505e-01
1.375846436309156040e+00 6.654255331631183656e-01 4.349722281920999079e-01 3.640836672192191426e-01
1.577491799837225317e+00 5.272171072528359925e-01 2.456439950316058329e-01 2.314316164241326801e-01
1.779018971914870573e+00 3.931276237633595794e-01 1.292526588330891735e-01 2.525720516292874196e-01
1.974879973006930411e+00 3.010778184566240134e-01 1.185031641120906365e-01 1.333447210709299280e-01
2.176785574922035948e+00 2.278959638746545779e-01 7.515056301332992406e-02 1.007342178621340734e-01
2.372764759543741775e+00 1.732958462961926294e-01 5.756193436890980064e-02 4.815794046602511758e-02
2.574517405361164801e+00 1.174462450940508274e-01 3.573485473661575096e-02 4.257785033896568927e-02
2.776236138320199220e+00 5.981750261850594941e-02 3.291937776678649508e-02 2.220679277994602741e-02
3.173914339801406470e+00 4.015039821902494088e-02 1.987713013666686165e-02 2.215323074750077254e-02
